100,7.711449391933911E-6,2827,2
100,3.2956402371553395E-5,4554,12
100,4.77747570002407E-5,4371,22
100,4.1074560513720826E-5,3251,32
100,6.946070548963235E-6,3657,42
100,2.8808891755716104E-5,4791,52
100,4.832816308208976E-5,3690,62
100,9.112413295042643E-7,2315,72
100,1.2670653191548809E-5,3552,82
100,1.8180328638095489E-6,3399,92
100,2.97123903294505E-5,3194,102
100,2.6461573270353256E-6,2699,112
100,1.1080279861630515E-5,2435,122
100,1.2099586314207045E-5,2902,132
100,2.337759383408411E-5,3334,142
100,8.929305195692905E-6,2915,152
100,7.031367275089906E-6,3451,162
100,2.2403726518405165E-5,2746,172
100,4.935797129235198E-6,3977,182
100,1.0656219465943195E-5,3620,192
100,2.484178889261557E-5,2895,202
100,5.523768816573238E-5,3182,212
100,9.049874911681854E-6,4060,222
100,3.649384543535916E-5,3316,232
100,4.319059541302295E-5,4598,242
100,5.0026044220885524E-5,3243,252
100,1.1466020396255772E-5,3119,262
100,1.6655353661576555E-5,3938,272
100,2.597889637456774E-5,3143,282
100,3.5616113677860994E-5,2252,292
100,1.1425627235439606E-6,3748,302
100,7.696197450002273E-6,3426,312
100,2.6015443239657543E-5,4282,322
100,3.020315789825645E-5,3138,332
100,3.0392182708283144E-6,3149,342
100,4.5514891972686655E-5,2542,352
100,1.517409762641364E-5,4068,362
100,5.146823419011071E-6,4528,372
100,1.0252580672442946E-5,3423,382
100,3.986338393247024E-5,3650,392
100,1.5863210720112875E-5,3940,402
100,3.041436823281174E-5,2831,412
100,1.2464962701130844E-5,3656,422
100,1.0746712696629857E-5,3738,432
100,3.277584510641418E-5,3847,442
100,2.8723595256963108E-5,3340,452
100,1.9796770210689374E-5,2353,462
100,1.6632142248340642E-5,3466,472
100,2.331443918990317E-5,2453,482
100,6.003312122970783E-6,2667,492
100,2.0866361232663166E-5,3190,502
100,3.330391037792424E-5,2778,512
100,5.427605930208301E-5,3909,522
100,3.6167354622307357E-6,3899,532
100,2.805534533933951E-5,3143,542
100,3.132710536135619E-5,2794,552
100,2.435177962212265E-5,3097,562
100,1.0095851436631165E-5,3735,572
100,1.5172299256960287E-5,3088,582
100,3.0304028072691835E-5,3583,592
100,1.116775381149182E-5,3466,602
100,8.847923979260486E-6,2682,612
100,1.7018214890640593E-6,3838,622
100,1.2874326273504266E-5,3209,632
100,8.157640436934344E-6,1996,642
100,3.730481478214642E-5,2959,652
100,1.623392532934531E-5,3190,662
100,3.4826980908064797E-6,2656,672
100,1.3331649618919528E-5,2882,682
100,2.2743878403730378E-5,3294,692
100,2.1072106839881144E-5,2792,702
100,1.3308712517812182E-5,3012,712
100,2.5157631689864957E-5,2707,722
100,1.6128631763479007E-5,2864,732
100,5.412709995766818E-7,3912,742
100,4.108691689452826E-5,2414,752
100,4.134659072008162E-5,2659,762
100,3.1196435855918025E-5,3844,772
100,2.4284616053193986E-5,2612,782
100,4.519593395713173E-5,3004,792
100,9.331995258321513E-6,3089,802
100,1.677002734368216E-5,2701,812
100,3.344325447329766E-5,3914,822
100,2.282263486819147E-5,3909,832
100,1.2659598056075083E-5,3456,842
100,6.955705103450782E-6,3032,852
100,3.6962089446035407E-5,2975,862
100,7.80369629183042E-6,2693,872
100,3.157919751828331E-5,3603,882
100,1.7590376657494744E-6,3112,892
100,1.1614140099425185E-5,2736,902
100,2.8604811056709423E-5,2650,912
100,2.3765928503394207E-5,2263,922
100,2.738285223102821E-5,3026,932
100,3.4451926467227167E-6,3098,942
100,2.082621713128674E-5,3538,952
100,1.223274276895836E-5,4871,962
100,1.8168839446275342E-6,4374,972
100,1.4165566263102392E-5,3450,982
100,2.0609142090677324E-5,3428,992
100,1.7828455085577843E-6,3270,1002
100,1.1353914104006435E-5,2432,2
100,4.214754540043941E-6,2478,12
100,1.797197378294868E-5,3555,22
100,1.992593822564004E-5,4675,32
100,9.586200107492004E-6,3397,42
100,3.913088806939413E-5,3964,52
100,3.8091808889362255E-6,3064,62
100,7.955187690811272E-6,3505,72
100,9.619656367476637E-6,3054,82
100,3.039008045391256E-5,2498,92
100,3.9237109263012826E-5,4553,102
100,4.3166999795118954E-5,3620,112
100,1.1921291047656268E-5,3574,122
100,9.415620532138291E-6,3863,132
100,7.084784321875759E-6,3240,142
100,2.2367014267388186E-5,3133,152
100,2.846756724750321E-5,3050,162
100,5.217158403070243E-7,4457,172
100,3.080692962953435E-5,4207,182
100,5.293586347931978E-6,3550,192
100,1.66013230682438E-5,3320,202
100,4.319015559417494E-6,3030,212
100,1.5597674185130472E-5,3011,222
100,1.825133326605055E-5,2816,232
100,1.7362770002193884E-5,3836,242
100,1.4736551804617193E-5,4558,252
100,2.2466973554458036E-5,2872,262
100,1.7907155068996872E-5,3313,272
100,1.194430726769724E-5,4383,282
100,8.823489025644449E-6,2610,292
100,9.277252452477569E-6,2414,302
100,4.860925974270458E-5,2239,312
100,1.3060934499264931E-5,2653,322
100,1.2480872321418701E-5,3317,332
100,6.011787760940024E-6,3759,342
100,8.6309282920638E-7,3105,352
100,9.345191386955776E-6,3839,362
100,3.836285259239958E-6,2763,372
100,2.76038264246381E-6,3529,382
100,1.5519567426736103E-5,3407,392
100,1.6411081269041006E-5,5233,402
100,1.738308913701303E-5,3784,412
100,7.100613125032851E-6,5287,422
100,3.707163925525947E-5,3929,432
100,9.96421784549284E-6,5429,442
100,8.49772349909017E-6,4306,452
100,4.3678061238949795E-5,4612,462
100,2.5903793471115932E-5,3334,472
100,3.438949567424743E-5,3071,482
100,1.8092025094063047E-5,2743,492
100,1.0850854522459485E-5,4156,502
100,1.6276340957688262E-5,4759,512
100,1.0142495710852018E-5,4310,522
100,3.271910290436608E-5,2965,532
100,1.2318444767345227E-5,3544,542
100,8.970938282004681E-6,3122,552
100,8.087098656517355E-6,4261,562
100,3.0512002382465653E-5,3152,572
100,2.0638153216623323E-5,2512,582
100,2.8220288101010738E-5,3304,592
100,7.92973826690968E-6,4014,602
100,1.601700790843097E-5,3230,612
100,4.704317203874098E-5,2994,622
100,3.740133082885677E-5,2677,632
100,1.1612816614103849E-5,2838,642
100,2.7726824676221895E-5,3676,652
100,6.962806850197012E-6,3458,662
100,4.966367221470591E-6,3012,672
100,1.2703782751088966E-5,2947,682
100,1.9303047267271722E-5,3074,692
100,1.608869452240924E-5,3316,702
100,1.3294932649898783E-5,3465,712
100,1.1571963739243074E-5,2525,722
100,3.290219936502581E-6,3374,732
100,6.449582450329672E-6,2622,742
100,2.5225278271534535E-5,3582,752
100,4.0542903434470645E-6,3334,762
100,1.048846211659793E-5,3401,772
100,9.673889650230194E-6,2888,782
100,4.625713428652034E-5,2735,792
100,1.367497993953748E-6,3607,802
100,1.557916756667055E-5,4466,812
100,3.547117267999056E-5,3526,822
100,1.8900186297798882E-5,3508,832
100,1.2240473168390054E-6,2939,842
100,3.8940984417479285E-5,3112,852
100,3.832595965036489E-6,2738,862
100,3.101817715389643E-5,2892,872
100,2.163089767037718E-5,3347,882
100,5.216375306815735E-5,3441,892
100,1.1491318552714347E-5,3205,902
100,1.5155531400523614E-5,2732,912
100,1.664573956361437E-5,3748,922
100,5.514777242865421E-6,2770,932
100,1.5520908512201004E-5,3580,942
100,3.511555926394294E-5,3848,952
100,1.587974193739683E-5,2848,962
100,3.966004663169542E-5,4304,972
100,1.353795681069414E-5,2741,982
100,3.042657632335022E-5,2788,992
100,2.4525551630460996E-5,2484,1002
100,5.744108716498886E-5,3721,2
100,2.974702714908517E-5,2433,12
100,1.5717616896893105E-5,3437,22
100,7.776268020620591E-6,4160,32
100,2.3085823926294324E-5,2764,42
100,3.15557059167304E-5,2729,52
100,2.1609768438679566E-5,2519,62
100,6.687200482247135E-6,3347,72
100,1.4228600555554749E-5,2312,82
100,2.991308301858453E-5,3340,92
100,3.272803470366625E-5,3961,102
100,2.814331281797422E-6,3108,112
100,9.938499687223157E-6,3368,122
100,2.432014838404939E-6,3523,132
100,2.277260502125955E-5,3717,142
100,5.315066637479049E-6,2867,152
100,1.2915801249846481E-5,4228,162
100,1.7665236171637844E-6,3768,172
100,7.077999917726174E-6,3234,182
100,3.955478228334641E-5,3141,192
100,1.3449537640042308E-5,2069,202
100,2.7585270601093725E-7,2950,212
100,3.110711907083896E-5,2612,222
100,7.013983704950988E-6,3460,232
100,7.158492813630346E-6,2819,242
100,1.1776682157460527E-5,3326,252
100,1.191506505193729E-5,3026,262
100,1.2785924589309161E-5,2886,272
100,2.3418969753663532E-5,2981,282
100,1.7369690176849417E-5,4547,292
100,4.2040869985271456E-5,2845,302
100,2.672284146143511E-5,3316,312
100,3.2118405428605E-6,3495,322
100,3.195374105047222E-5,4628,332
100,5.4190922156749366E-5,3227,342
100,2.1134477691475695E-5,2918,352
100,2.7752443706674512E-5,3571,362
100,3.250754601680228E-5,2512,372
100,7.728312873211962E-6,3671,382
100,5.365359271536363E-5,3171,392
100,1.2012174551045973E-5,4901,402
100,2.9917985095551103E-5,3174,412
100,1.0770309337715389E-5,2720,422
100,3.3443529076748746E-5,3106,432
100,9.845353126536338E-6,3863,442
100,3.712253644749808E-5,3476,452
100,4.544788318128212E-6,2178,462
100,2.1644666091447107E-5,2945,472
100,2.3370330239913528E-5,3123,482
100,4.288216210568407E-6,3544,492
100,5.6091880715314346E-5,4087,502
100,1.8985355154654826E-7,2967,512
100,1.4763455304489526E-5,3630,522
100,3.654461864499581E-5,2607,532
100,4.7000355614557066E-5,3278,542
100,5.460647177812916E-5,3925,552
100,6.334845137700995E-5,2600,562
100,2.2814456833941676E-5,2617,572
100,2.8677936931842396E-5,2629,582
100,4.813742435771928E-6,3453,592
100,4.6932764163898355E-6,3553,602
100,1.9020943568648363E-5,4110,612
100,1.9052904228544776E-5,3387,622
100,2.359609123914197E-5,3304,632
100,3.154161582585857E-5,2697,642
100,3.975518772847408E-6,2998,652
100,1.1415022882488302E-6,4292,662
100,3.975673053702167E-5,4343,672
100,4.480874096657317E-5,3095,682
100,3.116353001786365E-5,3097,692
100,1.5598872018074417E-5,2987,702
100,4.423104724082805E-5,3549,712
100,1.6155795066197243E-6,2605,722
100,2.7693660548777643E-5,3127,732
100,4.7472463876374604E-5,4270,742
100,1.624978772696295E-5,2929,752
100,3.406111946446799E-5,2635,762
100,4.729613313259051E-5,2903,772
100,2.3789585632982835E-5,4460,782
100,4.213332955060878E-5,2837,792
100,1.2298901388874128E-5,3667,802
100,8.330437779591193E-6,2317,812
100,1.8016654315999858E-5,3329,822
100,1.9322676862998378E-5,2959,832
100,7.779688615983105E-6,2797,842
100,1.9164206186417232E-5,3546,852
100,6.6057961589649494E-6,3073,862
100,2.441106806116977E-5,3616,872
100,4.191931070351984E-5,3879,882
100,1.6458231840488224E-5,3237,892
100,2.3798886076065173E-5,2728,902
100,2.6207954327617244E-5,2267,912
100,3.359809626601873E-5,3654,922
100,2.153030848006665E-5,2588,932
100,7.451141158298924E-6,3400,942
100,2.810063845259947E-5,3563,952
100,5.899661907449172E-6,2966,962
100,2.4106668142565013E-5,2646,972
100,5.8207936461940335E-5,3568,982
100,2.672473549125698E-5,3912,992
100,2.1167604018046404E-5,3033,1002
100,4.6962433344788224E-5,3852,2
100,2.3582933884824797E-5,3018,12
100,2.004480619888227E-5,2863,22
100,2.266339762257985E-5,3704,32
100,2.52787291898926E-5,3438,42
100,2.3541353549205724E-5,3853,52
100,2.663538153058198E-5,4250,62
100,2.191945081619906E-5,2989,72
100,6.28746429853777E-5,3701,82
100,2.170654977362574E-5,2942,92
100,2.2782668139598172E-5,3220,102
100,1.7035318194302818E-5,2850,112
100,1.5523013928486762E-5,3088,122
100,1.5072516795555657E-5,3879,132
100,3.224194932016644E-5,3731,142
100,1.4621670040071422E-5,2824,152
100,6.592342089106751E-6,2848,162
100,1.2101164195144065E-5,3184,172
100,5.662891574331752E-6,2820,182
100,1.6859523199741488E-6,4180,192
100,1.4116330476099392E-5,3942,202
100,2.0060792358833623E-5,2666,212
100,1.9789822218285735E-5,2877,222
100,8.859243223469093E-7,2441,232
100,2.7329063627234973E-5,4536,242
100,4.243748729493291E-5,3711,252
100,1.1932778186007909E-5,2848,262
100,1.0544497627051896E-5,4841,272
100,5.37834242493318E-5,3547,282
100,4.832082263561688E-5,2503,292
100,2.437220431517062E-5,2441,302
100,2.931869360622841E-7,2271,312
100,3.199337072601338E-5,3615,322
100,3.714589697523252E-5,2336,332
100,3.59173880113417E-5,3129,342
100,1.3438798276865782E-5,3737,352
100,3.639962616830417E-5,2795,362
100,4.072255030962424E-6,2904,372
100,2.5988249987562995E-6,3538,382
100,1.0361419484183898E-5,3182,392
100,2.4172464975436014E-5,4100,402
100,1.7575800860925028E-5,2997,412
100,2.1890626555887138E-7,3448,422
100,1.7452414390106696E-5,2944,432
100,2.2797992535572575E-5,2733,442
100,1.1317114378073256E-5,4363,452
100,1.9515215775811612E-5,4140,462
100,2.6694278815853067E-5,2671,472
100,1.8932334668875228E-6,2788,482
100,4.0233238152609374E-5,3287,492
100,5.9652310689273236E-5,3500,502
100,2.8802945926997836E-5,3385,512
100,4.975741576629389E-5,2885,522
100,2.12954473965965E-5,4283,532
100,2.73184901118384E-5,4329,542
100,2.4315036078803587E-5,4891,552
100,4.260261987809599E-5,3946,562
100,3.033977748145844E-5,5420,572
100,2.3802902902048118E-5,3055,582
100,2.3964979320112434E-5,2585,592
100,1.7201763405694237E-5,3527,602
100,4.776997492683677E-6,3639,612
100,2.453585683070969E-5,3375,622
100,1.2001109233494844E-5,3590,632
100,1.1483832643932601E-5,2705,642
100,3.0337040982431063E-5,3243,652
100,1.453001940632248E-5,2733,662
100,8.37148108701058E-6,3413,672
100,1.5593215159981355E-5,3587,682
100,4.9353157891118826E-5,2856,692
100,1.3833619604497471E-5,4199,702
100,1.9510503506126042E-6,3270,712
100,1.5752813439462443E-5,3590,722
100,1.6468490478871445E-5,3028,732
100,1.3621508017536144E-5,2987,742
100,5.563618792336911E-6,3393,752
100,2.5130095927750062E-5,3904,762
100,3.208519682829092E-5,2344,772
100,5.734971161075464E-6,3519,782
100,1.5612957362520774E-5,3740,792
100,2.7017008434881973E-5,3121,802
100,1.942244041686081E-5,3049,812
100,4.190586402330609E-6,2555,822
100,2.333765701223456E-5,5092,832
100,2.4824201155126957E-5,3630,842
100,5.44478005650717E-5,3100,852
100,7.23971375293786E-6,4720,862
100,3.149810547853349E-5,3111,872
100,1.806031893636373E-5,3293,882
100,2.0549924606427794E-5,3402,892
100,1.62195956221467E-5,2488,902
100,3.2777939182437876E-5,4185,912
100,1.0537213114503174E-5,3828,922
100,2.939824715042505E-5,3720,932
100,2.405796729476606E-5,2796,942
100,5.289852410328422E-6,2524,952
100,2.3054792919197098E-5,3449,962
100,5.687594463665846E-5,3356,972
100,2.7496742518451356E-6,3682,982
100,8.75698559354987E-6,3462,992
100,2.8317624618523496E-5,3118,1002
100,1.1674804689221219E-5,3170,2
100,2.367434029793003E-5,2799,12
100,3.483599439135787E-5,2809,22
100,4.323107213366484E-5,2992,32
100,1.958991559547485E-5,3441,42
100,3.734216662110157E-6,2695,52
100,3.890581340471044E-5,3847,62
100,2.1518667864484087E-5,2464,72
100,5.260600687506667E-6,2992,82
100,1.0059626113445574E-5,3208,92
100,7.700943278621253E-6,3209,102
100,4.097750780829301E-5,2973,112
100,3.847024103720287E-6,3887,122
100,1.0572511598638812E-5,3090,132
100,1.4419825220102211E-5,2980,142
100,1.769052798294979E-5,3391,152
100,1.6179878393529634E-5,3063,162
100,3.572666863504992E-5,3878,172
100,4.8113485178191695E-6,2921,182
100,3.8178156728463364E-5,2584,192
100,1.9920396361783332E-5,2478,202
100,2.328782251481698E-5,2392,212
100,1.0117568606915484E-5,4039,222
100,4.4899799227948733E-5,3123,232
100,2.970654435330289E-6,3720,242
100,5.864756261075854E-6,2553,252
100,4.705244928970842E-5,3534,262
100,3.3132561263471416E-5,5552,272
100,4.156492978069082E-5,3738,282
100,1.532765303124961E-6,3494,292
100,2.10622519105641E-5,2974,302
100,3.120767335929031E-5,3892,312
100,5.206333185014955E-6,2587,322
100,1.722812638860205E-5,3538,332
100,2.897191443196334E-6,2932,342
100,3.338863058388597E-5,3853,352
100,2.311673478772036E-5,2456,362
100,1.7757696966214098E-6,3310,372
100,4.718647038970403E-5,4134,382
100,4.404525223122846E-5,3006,392
100,2.3125771072329826E-5,4444,402
100,3.2063182963781856E-5,3395,412
100,3.4276152319989706E-5,3150,422
100,2.4616811344913003E-5,3854,432
100,1.2197255024659626E-5,3832,442
100,1.8601412556051855E-5,2786,452
100,1.047246551166836E-5,2765,462
100,3.3656658402492212E-6,2555,472
100,5.001552317906999E-5,3174,482
100,3.753136733308793E-5,2849,492
100,2.5715994809161202E-5,3665,502
100,2.513630619205287E-7,2834,512
100,4.424199737940171E-5,3481,522
100,3.7562323292661404E-5,5377,532
100,1.8077649222902892E-5,5124,542
100,8.343441116664962E-6,2655,552
100,2.7189297178153993E-5,4915,562
100,2.6745339198441798E-5,3736,572
100,6.206452194845724E-5,3213,582
100,3.9060628765241745E-5,2840,592
100,2.681437079843363E-5,2570,602
100,1.5357949457950326E-5,3621,612
100,9.8317344594534E-6,3176,622
100,1.397161575056316E-5,3565,632
100,1.6322482288444462E-5,3442,642
100,2.5966905994323497E-6,2631,652
100,1.780340721779794E-5,3044,662
100,1.7408166662846725E-5,3413,672
100,8.207265828730215E-6,2471,682
100,7.917497384823946E-6,4116,692
100,2.005224708057085E-6,3086,702
100,1.0170276354415364E-6,2622,712
100,2.6957846067432456E-5,2963,722
100,8.720445634935459E-6,2487,732
100,2.627844052938144E-5,2646,742
100,3.3535022431863126E-5,2571,752
100,3.92780194857778E-6,3247,762
100,1.6580926789799832E-5,4339,772
100,3.3181667191684028E-6,3396,782
100,4.616496710241336E-6,2717,792
100,2.133699673834144E-5,2926,802
100,2.5790614721188376E-5,3640,812
100,1.6634384934377522E-5,2620,822
100,2.1205599487927884E-5,2151,832
100,3.238557199836123E-5,2460,842
100,1.0011647113117306E-5,3239,852
100,5.407052761086106E-6,2241,862
100,8.459295578688852E-6,3331,872
100,2.066799309830003E-5,3390,882
100,3.999859103487324E-6,2486,892
100,2.14225267711754E-5,3699,902
100,4.12557550788506E-6,2889,912
100,4.73853940832214E-5,2939,922
100,4.629890879925824E-5,3207,932
100,2.4970762453335738E-6,3158,942
100,9.419395169629752E-6,2789,952
100,1.5239809044942376E-5,2849,962
100,2.4158320854894555E-7,2658,972
100,1.005205958648503E-5,4026,982
100,1.627263277015345E-5,3366,992
100,2.1341250914019838E-5,3756,1002
100,5.020637601660383E-6,3532,2
100,5.458614934639172E-5,3174,12
100,2.8884796456907225E-5,4022,22
100,2.2074562579632584E-5,3341,32
100,1.7781675374806127E-5,4045,42
100,3.86290325735672E-5,2480,52
100,4.54603218287275E-5,2480,62
100,2.116831995380153E-5,3365,72
100,3.853593923253129E-5,3363,82
100,6.36080883964496E-6,2426,92
100,3.887947551106663E-5,3224,102
100,4.440454557652629E-5,4409,112
100,5.7240815394266065E-6,3035,122
100,2.1198947131040313E-5,2790,132
100,4.410425347600722E-6,3859,142
100,2.4547515614870008E-5,2866,152
100,1.101055448060606E-5,2908,162
100,1.8088149410289134E-5,2843,172
100,5.285103330976426E-5,2943,182
100,5.9103106124780425E-6,3266,192
100,2.2705195085848118E-5,2853,202
100,5.948908829367383E-5,2839,212
100,1.4429568793161707E-6,3979,222
100,9.693743407979127E-7,3742,232
100,3.303309647151309E-5,3087,242
100,4.001699618072507E-5,3346,252
100,3.2898148603521804E-5,2912,262
100,1.5359604439879604E-5,2715,272
100,1.7662128357187612E-5,2610,282
100,2.0726210991028893E-5,2437,292
100,1.846600384425301E-5,3746,302
100,4.416730538991942E-5,2727,312
100,2.2642936343686415E-6,2645,322
100,3.198703120688151E-5,3171,332
100,4.225270406976733E-5,4656,342
100,3.432992832586024E-5,2703,352
100,4.038666212125008E-5,2790,362
100,2.456098815173391E-5,2812,372
100,5.162301874861441E-8,3298,382
100,1.9069685933459368E-5,3791,392
100,2.3266636048902E-6,3441,402
100,1.5877611431847072E-5,2968,412
100,4.874878953842199E-6,2662,422
100,4.288216366887809E-6,3760,432
100,2.855675540303082E-5,4311,442
100,3.0931088375041327E-6,3574,452
100,3.423196407936757E-5,3789,462
100,6.589867491157975E-5,3446,472
100,3.310762485853047E-5,3422,482
100,4.261202327882074E-5,2418,492
100,2.776831365736143E-6,2635,502
100,1.0628707386217684E-5,2991,512
100,1.4515581455043503E-5,2944,522
100,1.9290144088301986E-5,3419,532
100,1.2807052485186432E-7,3472,542
100,1.951026384006127E-5,2956,552
100,3.5710103858832554E-5,2815,562
100,6.290892791582792E-6,2616,572
100,1.4689881282947681E-5,3975,582
100,1.3203905417924489E-5,3038,592
100,1.1590080681855852E-5,2930,602
100,1.0123997448374666E-5,3965,612
100,2.460790327063478E-6,2690,622
100,1.4854803822572649E-5,3644,632
100,4.466274887704458E-7,3809,642
100,6.109300692003217E-6,3183,652
100,2.135965154081987E-5,3182,662
100,1.5632655305353182E-5,3623,672
100,1.0425878315345471E-5,4366,682
100,8.095894997950381E-6,3441,692
100,2.3983468956600973E-5,3336,702
100,3.6363101543201992E-6,3373,712
100,1.8321324546377582E-7,2873,722
100,1.8395678793581283E-6,3136,732
100,4.883426333179841E-5,3031,742
100,3.7839922171656326E-5,3063,752
100,2.1164445087151762E-5,2868,762
100,6.509830186018917E-6,2274,772
100,1.9773436626735474E-5,3105,782
100,7.314336514241404E-6,3063,792
100,1.4032576800104835E-5,3732,802
100,1.689494851575546E-6,3967,812
100,2.422438534210869E-5,3335,822
100,5.498870891074148E-5,2982,832
100,3.078790793153985E-5,2577,842
100,1.1332161633959004E-5,2676,852
100,8.442826889165644E-6,2573,862
100,2.746035976741723E-5,3093,872
100,3.970203337644307E-5,3083,882
100,1.4614448964778148E-5,4068,892
100,5.04425245324569E-5,3443,902
100,1.1855018513529103E-6,2842,912
100,1.2840096189847827E-5,2941,922
100,4.0082830601306796E-5,4110,932
100,5.305210375894376E-5,3848,942
100,5.957115682519998E-6,3548,952
100,4.310814639296723E-5,3971,962
100,7.820113296475029E-6,3460,972
100,1.8010246350286252E-5,3411,982
100,3.840759872986155E-5,2689,992
100,1.865011671497996E-5,3849,1002
100,1.5233946008663679E-5,3177,2
100,5.624817335103671E-5,4997,12
100,3.4259546232817684E-5,3156,22
100,1.3105183313655289E-5,3046,32
100,2.716057378648884E-5,2628,42
100,3.301800033028712E-5,3437,52
100,2.6390265176701178E-5,3181,62
100,1.9300179403103357E-5,3165,72
100,6.20712942946966E-5,2464,82
100,7.713922698826536E-6,2938,92
100,1.060300724731178E-5,4317,102
100,4.82649124649015E-5,3254,112
100,2.6301087245883537E-6,2191,122
100,1.3973049561855078E-5,4270,132
100,1.1224086733818694E-5,3424,142
100,9.516470171888614E-6,3025,152
100,4.035418029957327E-6,3226,162
100,3.135854579028319E-5,2795,172
100,3.5838225912243615E-5,2630,182
100,4.1457514718956645E-5,4403,192
100,4.307993555840994E-5,4108,202
100,2.7223511196439176E-5,3112,212
100,4.40020855307921E-7,4350,222
100,2.7998312312149665E-5,3427,232
100,5.088921000151458E-7,2704,242
100,3.183511098114877E-5,4106,252
100,1.6807394331408432E-5,2633,262
100,1.8781891448327315E-5,3155,272
100,1.6297051388391992E-5,2797,282
100,1.4324558343048466E-5,4609,292
100,1.5065153682769505E-5,3380,302
100,3.498791052436445E-5,3329,312
100,1.3811323597678893E-5,3118,322
100,4.208664584837152E-6,2852,332
100,3.133573407865242E-6,4817,342
100,2.2254859779025082E-5,3282,352
100,4.6180610965507185E-5,3141,362
100,3.428989103326785E-6,3666,372
100,1.470212505694235E-5,3193,382
100,1.4565957755507952E-6,3006,392
100,3.599338652549022E-5,2962,402
100,3.134579395691617E-5,2858,412
100,3.713135087224373E-5,3356,422
100,1.1945821078995777E-5,2877,432
100,3.8454903410922725E-5,3251,442
100,4.0636158416873513E-5,3183,452
100,7.870198324155808E-6,2653,462
100,7.306557883168807E-6,2967,472
100,2.2538677839634147E-5,3086,482
100,2.3373751503186213E-6,3839,492
100,2.5070870556476166E-5,4266,502
100,4.7174001096550455E-6,3018,512
100,2.955817162586527E-5,3125,522
100,1.3398627615401892E-5,2836,532
100,1.8590711761135026E-6,2684,542
100,2.4084092345333374E-5,3462,552
100,1.0799571967368138E-5,4263,562
100,8.432321550344568E-6,3310,572
100,2.6849421473684743E-5,2841,582
100,1.0573825015569582E-5,4135,592
100,1.9195366725455187E-5,3128,602
100,6.2532296567496815E-6,2674,612
100,2.2250007653212833E-5,3355,622
100,6.621312266474888E-6,2658,632
100,5.7654550680297234E-5,2991,642
100,5.969908137615221E-6,3633,652
100,1.2056179343744589E-6,2739,662
100,1.3341931605737045E-5,3159,672
100,9.257031706511043E-6,4862,682
100,3.5711166844976105E-5,3187,692
100,1.950655185822825E-5,3467,702
100,2.0302497020452392E-5,3430,712
100,8.075179721345194E-6,2743,722
100,2.032393886963746E-5,3017,732
100,2.2315560691765768E-5,3643,742
100,3.1109464174505774E-5,3421,752
100,2.029279033166631E-5,4720,762
100,5.122991482409134E-5,3108,772
100,2.066930853317217E-5,3962,782
100,3.764767594560681E-5,2617,792
100,2.7415386533391484E-5,4378,802
100,1.9286404921103895E-5,3624,812
100,3.491269322353219E-5,4323,822
100,4.3058040830601385E-6,2629,832
100,2.148642143140478E-5,2700,842
100,4.297358555049868E-5,3122,852
100,2.0982922102064094E-5,3039,862
100,3.947239119383994E-5,3043,872
100,9.544932609628631E-6,3633,882
100,8.057327406163495E-6,4710,892
100,2.1564068752866206E-5,2784,902
100,1.2001266647132525E-5,3469,912
100,5.3660105578501316E-5,2633,922
100,5.25985319725919E-5,3336,932
100,1.1681275090325016E-5,4037,942
100,2.4788735260017347E-6,3470,952
100,8.429261555420453E-7,3790,962
100,1.6996777752353864E-5,2674,972
100,1.4102996814813196E-6,3855,982
100,3.0604889147411996E-5,2632,992
100,2.1903373344400734E-5,3193,1002
100,8.749410277175684E-6,2733,2
100,2.811413970960075E-6,3481,12
100,3.726468328579813E-6,3218,22
100,2.1874814351008354E-6,3591,32
100,3.862728048176223E-5,3414,42
100,4.288983521405498E-5,2842,52
100,1.1920361728812168E-5,2852,62
100,2.5166612090288254E-5,2636,72
100,8.283983099488523E-6,3137,82
100,1.138805080813654E-5,2515,92
100,2.1522508845350785E-5,2935,102
100,5.243985606284696E-5,4514,112
100,3.876823051029987E-6,3386,122
100,1.9150733187700553E-5,4277,132
100,1.265898572455626E-5,2586,142
100,2.9001253743388133E-5,3819,152
100,1.3841005277015483E-5,3148,162
100,1.3451748600346036E-5,3825,172
100,1.6019071537698437E-5,2919,182
100,1.4897144673398088E-5,2883,192
100,4.362597643137178E-5,1978,202
100,1.1273088809105047E-5,2963,212
100,3.072014045812921E-6,2681,222
100,3.5773457106813566E-5,2650,232
100,1.2475034104397764E-5,2937,242
100,3.9717505366354544E-5,3020,252
100,3.342001981820886E-5,2668,262
100,2.3505513716770565E-5,3168,272
100,1.2720991826142836E-5,2723,282
100,5.098454713703404E-5,2751,292
100,5.539423315070735E-5,3438,302
100,1.0254938210607634E-5,3030,312
100,4.2493888322781004E-5,2634,322
100,1.0741099728761583E-5,3153,332
100,5.290187862527773E-5,2589,342
100,5.062010450984644E-5,3660,352
100,3.467205601737078E-6,3202,362
100,6.480135255060304E-6,3733,372
100,3.202390151813006E-5,3409,382
100,2.1238307972737402E-5,2433,392
100,2.1270300578635215E-5,2831,402
100,4.8174913885645765E-5,2752,412
100,1.768860902728875E-5,3106,422
100,3.652017471011959E-5,2748,432
100,2.5350247312871943E-5,2966,442
100,1.5115907388008054E-6,3028,452
100,3.7358926562092165E-5,3003,462
100,2.3410262450340724E-5,3252,472
100,6.268119605579159E-7,3282,482
100,1.0968603952221656E-5,2950,492
100,2.377414658383259E-5,2525,502
100,4.527769524997893E-5,3443,512
100,1.4822451142038062E-5,2433,522
100,9.10216012073306E-6,3191,532
100,1.3741648103859916E-6,3021,542
100,1.7888673333743554E-5,3191,552
100,1.687334950162267E-5,3387,562
100,1.9060480909161015E-5,2822,572
100,3.200419322268999E-5,2924,582
100,1.6659741561397823E-5,3747,592
100,6.033409860606298E-7,5362,602
100,1.9719436323839545E-6,4221,612
100,1.657124244758279E-5,2906,622
100,1.5202161378624623E-6,3010,632
100,4.747774227098489E-7,3346,642
100,1.3073775456007297E-5,2556,652
100,3.076576533089792E-6,3400,662
100,5.72372811049604E-5,3730,672
100,2.522255219616909E-5,4499,682
100,3.018921373154626E-5,3024,692
100,8.129963475767E-6,3043,702
100,1.090939885273201E-5,4187,712
100,2.4782285414914895E-5,2823,722
100,2.4022992022310063E-6,3485,732
100,2.9468741473692717E-6,4133,742
100,1.3327820902020449E-5,4170,752
100,3.0171008688739676E-5,3364,762
100,1.6569923957376886E-6,4124,772
100,4.553026006703931E-5,2933,782
100,2.0465895062216077E-5,2966,792
100,4.557663864090955E-6,3260,802
100,1.715052987094623E-5,3967,812
100,2.610633168131926E-5,3250,822
100,1.4652475172738377E-5,3319,832
100,1.4913310771191846E-5,3332,842
100,3.8084734974574985E-5,3637,852
100,3.189656922586437E-5,3009,862
100,1.7130219873706665E-5,3281,872
100,2.672902159872592E-5,2584,882
100,2.49441812698592E-5,2997,892
100,1.5494928909731698E-5,3203,902
100,1.5725414023393114E-5,3287,912
100,3.110742166967384E-5,3380,922
100,6.368922655042297E-6,3538,932
100,2.6410946553312442E-5,2885,942
100,1.560094221986219E-5,2585,952
100,3.671828498852392E-5,2900,962
100,1.0158915344504749E-6,3369,972
100,3.3239849365429563E-5,2300,982
100,2.0990476251370183E-5,3859,992
100,2.3052930060885046E-5,2601,1002
100,4.321140013985314E-5,3765,2
100,1.1101789354484026E-6,3269,12
100,7.647895692741713E-6,3555,22
100,2.619777411183577E-5,3025,32
100,2.1714549070850353E-5,3240,42
100,1.0706691959683212E-5,3663,52
100,1.721279031130507E-5,3313,62
100,2.8906351559498944E-5,2885,72
100,2.2906920889909088E-5,2974,82
100,1.2190760898533881E-6,3244,92
100,2.3720602221999343E-5,3058,102
100,1.0462384850029594E-5,3396,112
100,1.4355128577392406E-5,4335,122
100,8.914898955936224E-6,4439,132
100,2.357358113158625E-6,4441,142
100,5.47939740442871E-5,4750,152
100,5.341642534517632E-5,3851,162
100,4.518915153539638E-5,2586,172
100,4.418471924338974E-6,2930,182
100,3.083828602257199E-5,3440,192
100,2.5928276699005437E-5,3522,202
100,3.8936814007684006E-5,2873,212
100,3.601458902124932E-5,2918,222
100,4.682000881928161E-5,2886,232
100,6.763120680375323E-6,2428,242
100,1.1079752155751521E-6,2568,252
100,2.8799991305561434E-5,3315,262
100,6.612168164110699E-6,2693,272
100,1.23927175579297E-5,3379,282
100,2.7407289643122112E-5,3586,292
100,5.196659508044377E-6,2526,302
100,1.1802644742431312E-5,3726,312
100,1.5087954409409576E-5,3710,322
100,3.236334608658353E-5,4550,332
100,3.567001783011392E-5,2725,342
100,4.092571005287482E-5,2609,352
100,1.2461817100017925E-5,3286,362
100,3.544372825103892E-5,2986,372
100,4.850053900895546E-5,3067,382
100,1.6687293651784785E-5,4374,392
100,3.6645755649544753E-5,4751,402
100,3.875239995210222E-5,3639,412
100,1.193977844593519E-6,3526,422
100,2.836059436361893E-5,2655,432
100,3.4620576322197394E-5,2965,442
100,4.764717580485467E-5,2670,452
100,1.8579101194404757E-5,2581,462
100,3.143493280788334E-5,2976,472
100,4.886416825655715E-5,3399,482
100,2.1190020063954762E-5,2544,492
100,6.0924845001864014E-5,3716,502
100,7.5287816940772245E-6,4573,512
100,2.4717855566791513E-6,2906,522
100,7.333788296648436E-6,2319,532
100,1.4477222826769776E-5,3506,542
100,3.032766326782621E-5,2861,552
100,2.3559651808113813E-5,2786,562
100,1.2114592813361469E-5,2380,572
100,1.770933386779916E-5,3606,582
100,6.7127984308967825E-6,2542,592
100,3.034020323866571E-7,2903,602
100,1.8675882486718365E-5,2875,612
100,7.026845118218716E-6,5516,622
100,4.23026017557504E-5,2777,632
100,2.7171684990889844E-6,2719,642
100,2.513821278427031E-5,2621,652
100,2.8992668845262415E-5,2766,662
100,1.249652535051382E-5,2131,672
100,2.6663760806400205E-5,3744,682
100,3.949813624615217E-6,4472,692
100,1.7209955707642166E-5,3394,702
100,2.443442942734464E-5,2801,712
100,2.7218972888931603E-5,3635,722
100,1.152772709644978E-5,3449,732
100,4.6793898022201574E-5,3041,742
100,3.9439666139173823E-5,3134,752
100,5.9686440899042736E-5,3305,762
100,4.28826484721867E-5,3056,772
100,2.714515416357699E-5,3121,782
100,6.772382761255358E-6,3308,792
100,2.300441308733525E-5,3034,802
100,1.1120884252591168E-5,3752,812
100,7.313629090788254E-6,4071,822
100,3.818834180435715E-6,3031,832
100,2.947175893552867E-6,3241,842
100,2.361839939624133E-6,2812,852
100,8.513511481567093E-6,3269,862
100,4.678146853365206E-5,2895,872
100,1.5117060897296142E-5,2738,882
100,4.476828550536993E-6,3124,892
100,4.642066105731146E-5,2781,902
100,1.9159923873246498E-5,3123,912
100,7.689972505886544E-6,3288,922
100,1.2803481375556203E-5,2519,932
100,3.4832288228869857E-5,3294,942
100,1.923400698444766E-5,3337,952
100,1.899447087794215E-5,3346,962
100,1.867688141032886E-6,3113,972
100,1.1079297685512302E-5,3879,982
100,3.566959065892661E-5,3620,992
100,4.978437246450085E-6,2967,1002
100,6.662742229934793E-6,3056,2
100,3.46418031043072E-5,2917,12
100,2.677523553273886E-5,4283,22
100,6.568110345739342E-5,3432,32
100,2.2638506521843738E-5,4292,42
100,4.186036957776196E-5,2958,52
100,4.495097547163596E-5,2660,62
100,7.674835174498185E-6,2531,72
100,1.071530969198875E-5,3614,82
100,3.142197903827082E-5,5266,92
100,1.807399551267963E-5,2498,102
100,6.551159835055387E-6,3005,112
100,2.818103395441085E-5,2794,122
100,2.1821218481932192E-5,2801,132
100,5.259999227291701E-6,3318,142
100,4.5053759670565796E-5,4299,152
100,7.015043358649109E-6,2753,162
100,9.30311133373607E-6,3334,172
100,5.011214838646083E-6,2870,182
100,2.5763894043961955E-5,2607,192
100,2.801551303832639E-5,2659,202
100,3.5216076810229424E-7,2304,212
100,6.216019556859465E-7,2540,222
100,4.8342951608049134E-5,3618,232
100,1.3626208279049479E-5,3198,242
100,1.9799636767459106E-5,3152,252
100,3.1660503211128344E-5,2292,262
100,3.0438838500401744E-5,2367,272
100,1.2414463540721954E-5,3033,282
100,2.1423595100600323E-5,3208,292
100,3.4306943597073314E-5,3571,302
100,1.4674981159146228E-5,2516,312
100,9.647117572342268E-6,2535,322
100,3.7264428911498726E-5,3371,332
100,1.9146713945872307E-5,2430,342
100,4.268473810498108E-5,2747,352
100,1.6249060792006276E-5,3041,362
100,1.2824788498733142E-5,3032,372
100,3.578445628704685E-5,3009,382
100,3.614257891371153E-5,3242,392
100,1.8023838642022838E-5,3930,402
100,5.377574247233952E-6,3362,412
100,1.5026688096497764E-5,3549,422
100,4.145154053958322E-5,4228,432
100,3.246100106224503E-5,4826,442
100,2.8760686632267607E-5,3430,452
100,1.0411188974046581E-5,3781,462
100,3.313253954928541E-5,4785,472
100,4.212854300078561E-6,3794,482
100,1.1926664363670625E-5,3090,492
100,5.9566462340399084E-6,2765,502
100,1.5036034781701346E-6,3326,512
100,3.40010980650618E-5,2961,522
100,1.295262229916716E-6,3534,532
100,1.0365263484857223E-5,3745,542
100,2.3157692297104404E-6,2569,552
100,7.937856906892193E-6,2558,562
100,2.5615683654223176E-5,3105,572
100,5.083071393130467E-5,3221,582
100,1.8521208289712376E-5,2581,592
100,3.3721411362819254E-5,3399,602
100,1.529947310530133E-5,2735,612
100,3.388635300183296E-5,2196,622
100,9.084691512839527E-6,3644,632
100,2.3537123951200556E-5,3906,642
100,1.8364396744630085E-5,3078,652
100,1.7625819644706553E-5,3828,662
100,2.9833479217700187E-5,2732,672
100,5.576362783443756E-5,3046,682
100,2.0143183668608344E-5,2244,692
100,1.4227906703467852E-5,2290,702
100,4.2203434958310027E-5,3754,712
100,1.7051547693824887E-5,2935,722
100,1.0486284082844577E-5,3450,732
100,4.609135141464549E-5,2995,742
100,6.4377718729247135E-6,2406,752
100,5.039586196886603E-5,3322,762
100,3.070827795426112E-5,2842,772
100,5.004354716220405E-5,3243,782
100,8.662313369711683E-6,3775,792
100,1.998642881062551E-5,3378,802
100,1.773807854021925E-5,2482,812
100,2.4596249097896816E-5,2677,822
100,1.5067894530318426E-5,3097,832
100,1.3947006721082289E-5,2906,842
100,3.500155480651301E-5,3600,852
100,3.1135214797473054E-6,2729,862
100,4.4676673901733466E-5,4092,872
100,1.7815868147863512E-5,5734,882
100,2.929659176942323E-5,3822,892
100,2.3728798524302874E-5,5282,902
100,1.4205270630895939E-5,2964,912
100,5.607726144774006E-6,2700,922
100,3.5883526898317086E-5,2937,932
100,4.89500428102474E-6,3280,942
100,6.337132968070591E-5,2753,952
100,4.809880493894525E-8,3156,962
100,2.864685875891837E-5,3372,972
100,9.803121045592889E-6,2649,982
100,2.212357010478172E-6,3575,992
100,2.9776520527491357E-5,2817,1002
